Multiple size <= 100
TEST 1 ARG:21 8 73 89 64 62 92 68 52 70 85 43 72 79 67 45 7 30 3 17 29 99 48 44 1 94 36 10 42 49 20 97 33 38 2 81 90 6 25 27 4 71 15 58 82 47 77 19 93 12 14 22 61 74 59 95 9 5 84 28 76 34 75 88 26 37 0 18 24 11 60 41 50 31 39 54 78 98 80 56 53 35 63 57 69 87 23 13 96 66 46 40 32 83 91 16 65 51 86 55
TEST 2 ARG:88 45 44 86 66 93 48 80 78 76 62 81 39 38 46 6 85 55 24 77 58 67 73 8 64 12 1 15 74 26 9 51 3 70 59 94 90 27 54 4 29 34 91 65 21 14 5 36 89 25 33 37 31 75 69 40 98 19 61 22 23 49 83 2 63 53 30 79 97 60 13 10 99 52 72 50 16 71 56 82 68 84 0 35 43 18 11 47 57 32 28 87 96 20 41 42 17 92 95 7
TEST 3 ARG:60 17 6 11 30 16 7 89 20 88 78 53 66 85 23 64 50 71 46 22 43 81 87 8 38 93 59 47 35 79 97 51 74 31 1 65 54 58 29 40 57 24 69 91 45 62 12 36 25 98 33 61 76 96 18 4 70 39 48 28 49 56 26 75 73 80 19 5 68 82 86 37 42 3 9 55 95 52 83 34 10 41 94 90 32 15 72 99 0 44 77 2 67 13 27 84 21 14 63 92
TEST 4 ARG:93 61 5 42 32 21 76 25 44 12 85 47 15 30 90 68 62 0 49 29 60 24 64 71 37 3 58 55 35 27 86 6 23 59 63 91 77 98 57 11 2 95 10 84 43 36 7 87 56 94 41 82 78 18 45 22 50 89 97 83 67 74 8 99 75 28 20 33 31 40 14 52 48 34 53 46 66 88 9 72 1 39 51 16 19 69 54 96 65 26 73 4 38 81 79 92 70 17 13 80
TEST 5 ARG:0 53 78 72 79 5 64 89 2 49 95 66 63 55 57 65 15 87 90 4 51 77 41 8 84 38 62 86 96 3 12 1 83 91 30 48 6 58 29 81 28 68 80 59 35 22 73 93 20 17 42 33 16 32 61 88 18 10 34 13 76 75 52 67 71 11 27 85 94 23 60 97 56 43 40 9 82 70 7 39 98 74 19 92 26 44 14 25 24 47 37 54 21 99 31 69 50 36 45 46
TEST 6 ARG:52 94 28 7 4 1 49 89 63 88 53 77 37 92 6 18 44 15 58 12 26 21 60 56 19 87 98 61 76 93 0 48 70 57 33 11 73 91 72 41 82 13 85 30 20 38 29 80 68 95 14 9 42 45 84 3 55 24 81 36 97 74 66 69 16 65 51 75 71 86 78 59 54 8 32 5 46 64 62 2 47 27 50 25 96 43 10 23 67 34 17 83 22 35 90 31 40 99 79 39
TEST 7 ARG:64 85 68 44 72 28 96 39 69 12 61 18 66 92 53 46 3 40 16 26 9 79 33 62 95 55 63 27 2 5 73 8 70 20 58 59 77 11 24 93 1 57 29 90 41 89 67 54 65 47 32 14 86 97 13 30 6 45 88 83 82 34 50 75 51 4 36 91 98 99 60 31 52 23 48 38 15 7 0 37 43 78 81 21 71 19 87 84 10 56 35 17 42 80 74 22 94 76 25 49
TEST 8 ARG:62 79 26 91 46 95 66 37 9 51 48 69 99 87 89 32 14 75 82 78 57 77 24 41 47 6 73 93 5 55 4 86 92 60 61 63 36 39 44 98 94 97 7 20 42 43 17 21 90 29 3 23 84 10 8 13 76 65 31 49 35 56 85 50 53 58 18 11 0 2 54 81 30 33 28 34 1 16 67 38 45 40 27 71 59 72 19 70 74 12 64 68 15 96 83 25 22 52 80 88
TEST 9 ARG:75 99 89 37 23 77 69 80 22 14 25 87 63 9 15 56 41 57 95 96 44 67 58 78 55 27 49 5 29 34 31 91 11 36 38 13 39 30 51 73 60 40 24 85 20 94 18 64 65 46 52 92 88 59 83 71 72 2 35 1 93 50 10 66 68 70 98 84 42 54 21 43 3 48 62 79 12 7 61 17 45 33 32 6 8 74 86 47 76 16 26 97 81 0 28 4 90 53 82 19
TEST 10 ARG:93 35 72 42 89 0 99 33 13 69 39 94 41 23 28 27 70 55 79 19 71 57 32 12 75 44 34 8 63 98 66 91 6 76 77 96 88 14 86 92 24 82 29 53 65 83 22 37 59 9 52 26 50 3 11 45 36 47 68 85 73 62 1 48 49 87 74 43 90 78 46 51 40 97 61 95 60 54 7 80 58 81 31 25 4 84 17 2 10 56 18 67 5 15 16 21 20 64 38 30
TEST 11 ARG:77 97 9 87 7 54 36 52 44 84 18 25 40 20 27 71 30 12 58 96 15 89 64 55 6 50 29 81 11 76 8 24 46 19 31 21 1 99 43 67 38 98 41 5 73 91 13 79 60 17 49 93 37 95 57 47 74 66 70 68 61 3 62 34 14 86 65 32 69 92 16 35 42 59 72 56 75 51 23 78 94 90 10 33 53 82 28 48 39 2 83 4 63 85 26 45 0 88 80 22
TEST 12 ARG:89 80 60 75 85 21 81 50 24 42 70 26 74 53 18 4 66 12 78 62 87 68 94 5 52 41 34 90 28 71 59 48 95 6 33 72 51 91 22 38 77 73 98 69 17 13 11 20 43 30 14 2 45 19 83 88 96 35 65 84 86 40 9 57 3 93 0 44 29 79 32 27 15 1 54 16 31 99 23 56 37 25 82 7 97 67 39 10 49 8 63 55 36 92 61 58 47 76 64 46
TEST 13 ARG:35 0 20 22 62 11 41 66 33 98 61 85 64 18 78 40 60 80 56 42 36 90 74 93 24 46 34 9 43 29 96 87 37 88 67 77 16 31 99 50 47 71 10 21 6 54 27 84 95 83 75 52 73 39 15 86 91 92 8 81 38 55 69 30 19 57 65 63 68 51 14 32 76 3 44 5 28 89 53 26 59 49 4 70 48 1 97 12 79 58 45 2 72 17 25 82 23 94 13 7
TEST 14 ARG:57 49 35 37 64 55 10 65 79 81 80 27 21 29 19 13 68 36 67 3 23 28 9 99 96 98 72 82 92 17 41 42 30 31 18 8 66 63 59 85 95 48 51 7 52 94 74 73 39 71 38 32 58 12 4 0 70 91 56 62 78 22 77 1 46 69 87 44 89 61 14 34 25 76 97 50 5 11 26 33 45 86 40 43 93 15 88 75 53 20 54 24 83 60 16 2 84 47 90 6
TEST 15 ARG:2 70 73 97 79 95 27 10 88 71 43 87 36 25 80 18 8 45 54 90 38 52 98 60 51 69 94 65 15 89 31 82 66 96 86 55 40 13 4 7 41 1 17 50 34 63 68 14 28 61 12 11 72 53 35 58 64 26 39 32 42 49 9 84 5 75 99 78 57 20 46 22 30 92 19 23 81 77 24 37 67 47 74 59 91 33 0 6 76 85 62 29 56 44 83 93 3 16 21 48
TEST 16 ARG:29 62 61 65 34 27 81 31 91 50 42 22 41 96 60 1 94 23 24 80 57 15 38 3 73 86 20 45 95 83 55 6 53 67 39 17 64 75 98 2 21 48 70 87 90 71 49 74 4 66 32 63 0 89 40 14 69 8 35 36 54 47 78 82 72 88 13 44 16 52 99 77 56 7 97 85 18 68 11 25 5 30 10 43 26 51 9 76 79 84 33 59 12 28 37 58 92 93 46 19
TEST 17 ARG:79 39 81 9 47 7 36 10 12 95 26 99 83 57 46 31 44 55 59 6 82 89 72 70 56 29 85 88 49 20 5 37 33 93 60 16 92 73 14 98 43 22 34 18 27 87 13 90 42 1 62 84 77 41 66 54 65 3 25 71 15 58 19 76 74 61 38 52 50 45 48 24 23 86 17 53 69 63 51 0 4 35 96 40 8 78 97 94 32 64 2 75 91 28 21 30 68 11 67 80
TEST 18 ARG:61 90 74 57 4 55 2 38 35 44 34 51 23 24 26 3 47 71 43 28 92 83 11 32 1 88 78 36 39 8 85 63 48 54 21 40 10 76 68 77 64 20 53 86 80 15 7 59 45 5 67 19 91 37 95 69 27 42 31 52 81 84 13 66 41 49 18 72 0 12 87 22 97 9 82 17 50 98 62 96 58 46 6 60 94 65 93 75 30 70 16 25 89 33 73 56 29 99 14 79
TEST 19 ARG:7 84 70 15 53 59 67 26 22 6 54 13 4 88 89 20 65 93 24 83 91 21 12 19 68 11 64 87 63 23 27 0 42 41 47 92 79 33 74 32 1 72 97 99 73 35 94 96 95 17 36 5 61 58 86 8 66 50 69 98 39 16 51 43 81 2 18 30 31 80 76 46 56 37 82 77 55 38 3 48 49 90 52 44 45 28 9 85 60 40 10 75 34 57 29 62 14 25 71 78
TEST 20 ARG:1 19 14 84 31 96 71 92 78 87 67 69 13 68 93 37 73 0 6 63 46 97 81 34 72 88 9 48 28 10 16 32 40 59 5 74 51 75 54 65 52 33 4 38 20 43 30 83 27 55 7 56 36 58 18 12 90 45 44 50 82 95 89 21 25 15 2 29 17 53 85 22 24 91 86 70 8 62 57 60 47 49 79 98 11 23 39 80 42 66 94 99 61 35 76 3 26 77 41 64
TEST 21 ARG:21 53 50 14 81 45 69 37 59 25 35 66 97 88 39 85 9 13 2 29 54 46 73 5 31 27 18 92 30 23 89 32 1 26 12 76 95 83 70 22 0 67 38 8 42 79 91 51 11 4 86 68 17 24 33 62 75 55 93 58 74 15 44 61 43 80 99 47 19 40 6 49 10 56 77 7 94 64 57 36 84 48 60 98 16 65 41 28 72 90 63 96 71 87 52 3 34 78 82 20
TEST 22 ARG:19 31 8 53 17 33 64 3 50 27 55 30 4 82 88 40 24 92 10 60 14 12 18 48 68 47 70 80 76 66 52 43 99 2 25 89 51 9 73 23 94 65 6 44 93 7 39 72 71 29 90 87 96 11 34 35 83 54 59 37 15 95 61 85 46 16 67 84 98 78 79 22 38 32 0 45 13 63 58 75 57 5 49 97 86 36 62 42 77 69 28 20 74 1 91 21 41 81 26 56
TEST 23 ARG:34 62 0 73 11 14 59 69 86 72 94 67 16 88 36 23 46 68 45 81 79 56 99 78 18 66 39 13 70 33 95 1 10 92 15 87 20 49 90 8 91 4 48 77 2 98 32 3 30 19 41 24 47 85 51 89 29 28 25 93 64 58 26 50 43 42 63 17 71 55 53 27 52 6 97 44 22 74 21 31 65 96 40 82 76 60 57 83 80 37 12 54 7 84 75 61 5 35 9 38
TEST 24 ARG:23 64 47 61 35 41 8 26 93 20 19 3 16 81 71 99 21 25 92 62 48 65 84 2 5 28 34 32 46 74 45 76 38 30 95 42 67 66 69 11 59 77 58 31 73 75 52 83 37 24 17 36 85 33 80 60 55 50 78 13 40 51 29 49 70 97 89 15 1 88 18 43 27 0 91 57 22 72 14 10 94 7 12 9 79 90 86 39 6 54 56 68 96 82 53 87 98 44 63 4
TEST 25 ARG:58 15 47 68 64 62 53 8 97 50 11 98 46 82 4 5 95 6 18 96 83 23 31 38 85 54 43 2 91 57 30 69 79 42 35 27 90 88 49 3 80 77 22 89 74 32 44 13 72 84 99 55 45 14 94 71 40 52 93 60 34 37 25 67 12 39 66 29 7 65 56 21 0 17 92 81 19 63 73 59 33 51 41 70 1 61 9 48 28 16 36 26 24 10 86 75 87 20 76 78
TEST 26 ARG:14 7 81 48 12 92 57 74 1 27 90 56 86 29 34 71 2 80 59 42 30 93 35 95 69 87 31 28 9 11 62 76 98 55 97 3 41 20 85 37 32 13 77 22 82 51 72 46 5 75 78 23 60 36 0 64 16 96 61 40 17 89 25 52 65 15 91 88 6 50 19 83 94 38 10 44 68 18 67 63 47 70 53 84 66 26 39 43 21 58 73 33 54 4 79 8 99 49 24 45
TEST 27 ARG:64 11 48 46 92 88 90 19 35 86 5 38 94 77 93 84 82 13 20 62 76 58 61 70 83 74 67 33 2 29 49 28 79 42 78 75 51 27 53 55 81 60 40 65 43 22 97 99 69 41 26 1 3 9 23 21 34 47 63 68 72 0 25 6 54 16 80 87 36 89 10 15 14 45 57 95 30 98 18 91 31 17 44 73 37 85 50 24 7 56 4 52 8 66 32 39 12 96 59 71
TEST 28 ARG:80 87 9 58 82 86 53 47 27 34 14 36 41 84 21 69 46 92 35 96 60 28 72 50 51 31 71 25 90 74 44 57 73 37 85 17 30 1 49 29 12 75 93 6 20 59 98 15 68 91 10 79 78 64 40 0 97 88 54 77 4 55 38 22 56 61 70 43 26 48 2 13 23 5 18 8 52 62 19 7 11 63 39 32 24 33 16 76 95 42 45 81 99 89 66 67 94 3 65 83
TEST 29 ARG:29 52 96 51 12 5 2 59 75 45 61 90 3 67 97 80 7 21 72 11 40 49 46 10 19 24 16 17 84 1 32 62 68 48 41 38 20 54 91 35 53 78 6 95 63 66 77 93 86 89 22 33 47 74 71 50 99 37 13 23 9 30 0 18 92 65 56 73 82 69 87 14 81 57 44 34 43 94 58 83 70 79 55 4 25 15 85 36 39 76 8 64 98 31 26 28 42 60 88 27
TEST 30 ARG:29 96 45 8 27 87 35 72 19 28 71 0 54 23 26 34 70 63 91 39 4 66 49 7 43 14 31 32 77 75 69 30 65 11 74 10 83 99 48 16 95 60 21 56 18 57 13 90 2 9 92 17 3 62 98 68 12 47 15 84 86 6 85 79 42 94 5 37 59 33 38 46 44 20 93 61 82 55 22 64 24 73 36 51 53 97 58 81 25 78 76 1 80 50 41 67 40 88 89 52
TEST 31 ARG:36 39 66 44 86 72 79 17 19 62 75 70 74 94 42 1 85 59 10 40 78 89 76 38 61 45 67 22 83 6 63 32 53 81 60 58 12 92 98 50 64 96 33 2 14 3 27 29 52 46 34 69 8 37 4 87 51 25 23 11 26 48 31 54 90 82 9 16 24 84 35 95 65 99 80 91 77 71 7 43 56 20 49 15 55 5 68 18 13 97 88 41 0 93 21 73 30 28 47 57
TEST 32 ARG:94 18 41 97 57 79 26 21 3 28 60 23 67 8 15 39 56 34 51 20 42 77 88 29 37 45 69 58 36 61 30 81 52 91 14 24 75 99 96 66 50 85 76 40 12 2 55 53 84 35 90 16 92 59 86 72 25 0 19 74 46 10 22 71 44 63 80 65 38 32 43 27 4 78 62 48 87 70 49 89 9 7 33 68 17 82 93 47 98 54 95 1 64 83 73 5 31 6 11 13
TEST 33 ARG:15 66 12 89 85 97 86 0 16 88 14 63 38 35 93 24 94 46 43 72 41 39 83 28 54 55 71 96 51 50 5 65 75 13 44 2 84 61 27 20 18 81 52 64 7 22 59 19 91 78 6 45 34 58 98 87 53 60 47 73 77 10 95 3 32 36 17 80 57 29 99 11 25 90 70 62 49 26 8 76 92 21 1 31 37 4 33 79 68 67 74 82 56 23 69 40 30 42 9 48
TEST 34 ARG:13 31 34 82 20 26 65 49 75 68 6 11 59 79 55 0 37 80 29 63 62 64 30 36 53 67 38 46 78 42 4 97 83 12 22 93 27 70 84 76 15 52 69 2 85 94 61 24 16 86 99 33 91 48 88 51 25 98 47 41 17 18 5 8 9 95 74 45 19 60 14 87 72 32 92 3 77 66 96 50 89 28 35 73 10 43 40 54 90 58 21 44 81 57 23 39 71 1 7 56
TEST 35 ARG:94 72 4 99 67 33 61 59 21 25 68 88 2 75 29 90 20 87 30 40 76 19 71 77 69 79 78 89 22 80 91 49 85 62 70 27 38 18 41 98 12 81 50 17 36 14 53 56 31 95 47 35 84 83 52 9 13 8 51 1 63 0 5 82 97 42 60 34 55 10 28 23 3 11 16 24 93 66 73 6 15 45 96 57 46 39 48 74 86 58 26 7 64 32 44 65 43 92 37 54
TEST 36 ARG:73 50 32 74 4 59 41 93 17 54 64 63 95 68 19 58 89 75 99 56 36 42 79 33 10 26 6 7 76 77 87 24 70 11 31 71 88 44 23 96 22 65 72 16 3 21 0 34 38 27 91 1 52 2 18 29 94 53 30 78 20 69 51 80 82 45 86 43 15 92 61 49 46 40 9 13 90 83 67 57 66 60 12 35 39 28 5 48 62 55 37 47 25 85 98 14 84 97 8 81
TEST 37 ARG:8 13 75 29 66 55 51 31 91 73 22 40 36 97 42 30 50 86 18 26 58 6 38 81 70 52 85 60 9 53 34 17 54 82 5 45 10 27 71 63 79 23 68 61 67 21 33 15 47 98 2 56 87 4 96 57 90 88 69 32 74 83 65 3 80 84 72 48 39 62 95 12 28 11 7 16 44 25 92 46 43 35 99 41 14 59 49 37 93 24 94 19 78 0 20 77 89 64 76 1
TEST 38 ARG:83 90 17 19 6 64 58 5 25 71 44 24 54 88 65 46 79 51 30 40 61 69 76 77 10 37 92 67 48 14 59 82 34 27 36 33 85 29 63 31 11 0 32 45 28 89 23 86 91 43 15 16 81 13 74 50 55 4 73 18 57 70 84 72 47 49 39 96 1 56 7 60 99 35 75 20 22 21 66 95 62 3 94 12 9 52 80 78 93 53 97 68 41 87 38 98 2 26 42 8
